time,x,y,z,phi,theta,psi,x_velocity,y_velocity,z_velocity,phi_velocity,theta_velocity,psi_velocity,rotor_speed1,rotor_speed2,rotor_speed3,rotor_speed4
0.06,-1.3477023914108435e-07,1.2228914252723796e-06,10.006950345224556,0.0007465025589423746,0.00012444626560892402,0.0,-1.2409011653865204e-05,9.51600689595294e-05,0.2316591765541855,0.029883454837317865,0.005929623510776371,0.0,476.17233011893217,476.62560274320094,476.1578279270309,478.43801312114084
0.12000000000000001,-4.772371240491833e-06,2.9555581801282675e-05,10.024128574297979,0.0025902234503227817,0.00028718935226201836,0.0,-0.00016994159215149614,0.0010372746242522902,0.3409212430100343,0.032367415846447645,-0.004656451720420786,0.0,440.66160746740485,439.7857594353041,439.47490519150017,439.6810389031806
0.18,-2.0285298035279734e-05,0.00015861297541734792,10.049594567578453,0.004189557955437628,6.282825438181569,0.0,-0.0003000877793381091,0.003466648178360578,0.5078846195631472,0.011660637048948114,-0.02732015367941571,0.0,458.4077248116516,456.60361217089024,458.919672996144,457.27351554145184
0.23999999999999996,-2.4873573604723382e-05,0.0004537182045755582,10.08259332041947,0.004769676142201362,6.281147227775719,0.0,0.0003123948610060683,0.006434117371966227,0.5920330297570412,0.005353068437517991,-0.029302758878393714,0.0,432.4537215183067,432.28648508707045,432.1516240686846,431.61958536895025
0.3,3.990614829199211e-05,0.0009336813403284042,10.119921902651646,0.00492287979650019,6.279346800773123,0.0,0.002017827651270827,0.009587947285595588,0.6522196452997133,-0.003734573918544084,-0.031454147622809514,0.0,425.81377931415017,425.6293924128332,423.5843063134682,422.8021514471677
0.36000000000000004,0.00025200568200333523,0.0016155083711665008,10.163135709696881,0.0050663501184287085,6.277473386814748,0.0,0.005253609917077726,0.013137211393582204,0.7881553308307437,0.01245830410209858,-0.03076642916525674,0.0,448.9276594623516,448.9831217823466,447.6263273827413,448.9419191449265
0.4200000000000001,0.0007146493081715364,0.0025318844754820703,10.217221604451685,0.0063886549355105515,6.276067233930679,0.0,0.01035946012079629,0.01753842906615006,1.0145324760949537,0.03641469805866436,-0.011780267747433463,0.0,475.36485766178754,476.81726619421966,474.94072082657163,476.77432264825933
0.48000000000000015,0.0014881316572938283,0.0037264037478231,10.281384348301003,0.008335235634321592,6.275281023729168,0.0,0.01549960115985579,0.022493366603893932,1.1241217695516288,0.023002250281646392,-0.015890702296518323,0.0,441.27368015518,440.93439175333145,441.4327738138145,440.3251239257402
0.5400000000000001,0.002596312024292015,0.005266425166251022,10.35327611619119,0.010148869636695146,6.274672003339582,0.0,0.02152161398538258,0.029016752744178833,1.2721149267891019,0.04174704758484878,-0.000614361913616448,0.0,453.04723958635566,454.2738267746987,451.8949323020253,453.4035085254752
0.6000000000000002,0.004078001030864809,0.0072449507586076255,10.434281446960465,0.013039730043248987,6.274524114829742,0.0,0.027876315671373084,0.03723220972828743,1.4278774731633674,0.05866116216669268,-0.006449742524611329,0.0,455.68600547976393,455.21939436065423,455.6150657947729,456.9665327776818
0.6600000000000003,0.005987259050535248,0.00985085262732701,10.529421390107691,0.016951184226575933,6.273666840093423,0.0,0.03583362817640186,0.050125821939228515,1.7430203141776217,0.07579778469341547,-0.03855007814896033,0.0,503.91639547867,501.5908535521173,501.6395944773329,502.8848485661866
0.7200000000000003,0.008359388221734527,0.013255746817596935,10.638662913553569,0.021700413955446862,6.271180226753028,0.0,0.04349843320665065,0.06387900467577984,1.8981063271560428,0.0851355132836816,-0.04796789825435975,0.0,457.97366900797493,457.2231426635523,456.0632352157773,456.813201781975
0.7800000000000004,0.011238731168394803,0.01757540727537752,10.756372501649965,0.027154143387123852,6.268237914715705,0.0,0.052785423832808764,0.08066653849392197,2.0253115366525174,0.10045297269909834,-0.05126990829775103,0.0,449.3312816418346,449.0620623839338,448.1976110168588,449.447459878186
0.8400000000000004,0.014787319220761824,0.0231105440828173,10.88481719670761,0.033200457117046334,6.264704477873877,0.0,0.0658855866309504,0.10455780722338902,2.2557233636020326,0.10140173390342361,-0.0819842077793286,0.0,482.36501992903646,480.03763540370977,479.62655284331316,479.7065574164511
0.9000000000000005,0.01921910535913046,0.030231939886842803,11.027170560559638,0.0398637202838934,6.259784411586953,0.0,0.08243022043793041,0.1335864101477975,2.488868397155362,0.12550442275050078,-0.08203489938721706,0.0,481.6186176894636,481.6098986778829,481.803937187763,483.6322568476541
0.9600000000000005,0.024747546533295778,0.03923587630975018,11.182800672187446,0.047142647787707936,6.254348908852879,0.0,0.10243839000599687,0.16740136854317852,2.698274915874458,0.11125471706455586,-0.11919282657583467,0.0,477.7606734692687,474.91217546637733,476.8669001165014,475.78930584119087
1.0200000000000005,0.031582299432217,0.050384314359921634,11.349838769287965,0.05426022958235244,6.2467332066416965,0.0,0.126196130266191,0.204970422569251,2.8691775089500253,0.13032644575320504,-0.150594439325582,0.0,467.484878447986,465.0169904558344,465.0402249226467,466.54343412003095
1.0800000000000005,0.040027755985495364,0.06395874123574338,11.527204664820815,0.0626461012174282,6.237783845811794,0.0,0.15631763244885738,0.24840191518783963,3.0424715297297764,0.15396590638237578,-0.14642730190703082,0.0,467.95358011866455,468.2581727183825,466.49191372175676,468.3508808138341
1.1400000000000006,0.050236672135608715,0.0799966864752615,11.709689927437834,0.07195808992103991,6.228803703084479,0.0,0.1847517998283569,0.28699899879550317,3.040273720589749,0.15755705028376304,-0.15709132889592634,0.0,414.16408806706187,413.2020494290334,412.61286447356053,412.9545670709023
1.2000000000000006,0.06254636994488576,0.09882156324636397,11.896186839026063,0.08135250593338483,6.21946950983487,0.0,0.2265580653608735,0.34147416066682185,3.175770708522499,0.154533123200328,-0.15269207736326443,0.0,457.25429219729807,457.5824757913041,458.21712051308305,457.9990710464424
1.2600000000000007,0.07736115612230177,0.12085658935394418,12.087654438613749,0.09054658795181592,6.210176484007521,0.0,0.2681097508433286,0.39385905097277135,3.2062466055782157,0.15050614356921072,-0.15966647910112297,0.0,426.378367673756,425.75821484930253,425.165677864807,424.84383680694606
1.3200000000000007,0.09489659532900217,0.14626837113974775,12.281626945614722,0.09946787450223127,6.200449546185672,0.0,0.3173119832667921,0.45402919124324,3.2591744208608606,0.1447838797304805,-0.16752093434041695,0.0,433.73860950697656,433.05260899450235,433.68553902221333,433.22598161222135
1.3800000000000008,0.11580552031006092,0.17573469756102833,12.481461825126873,0.10798475482670256,6.19017973006506,0.0,0.3807169803710157,0.5290557367473631,3.4013444073231343,0.13557704840073276,-0.17966663709936972,0.0,463.123500624132,462.14014972192416,462.1333487242329,461.42494369334077
1.4400000000000008,0.14099902270107506,0.2101731838230894,12.692406061318698,0.11556258897685723,6.179035216990808,0.0,0.4603215773272189,0.6197631085483475,3.6291425263263744,0.09178499426338221,-0.2020405830759872,0.0,490.1544283023445,488.45821820266144,490.19701941560197,486.94380607787906
1.5000000000000009,0.17143983163189905,0.25043095293812434,12.918742946812204,0.12069438449371273,6.167144789293015,0.0,0.5558248904325152,0.7227141822773184,3.9141633717161026,0.06851888170865969,-0.1913962451640376,0.0,505.8188392302563,506.5515804904301,508.89089276375427,507.22755466409467
1.560000000000001,0.20728555724059708,0.2963388774779275,13.156809363515876,0.1245911952738874,6.155541467092078,0.0,0.6401750156011224,0.8078854771193138,4.020744449075305,0.056628386328020155,-0.19769766665351296,0.0,457.76075488180965,457.2236342867597,457.3322802638144,456.38709378354923
1.620000000000001,0.24828651386945896,0.34728839337221673,13.40008921634186,0.12898568402030364,6.144188608941015,0.0,0.7276118861198466,0.8907546880691364,4.088061475629807,0.09450139465653422,-0.17614253101303706,0.0,444.66714075656927,446.39437968754953,445.3203089196607,448.4115529235649
1.680000000000001,0.29500577302151326,0.40352862157664016,13.649122910944113,0.13530289711999544,6.133297909547043,0.0,0.830752848765637,0.9844559311494898,4.212255548909068,0.1209943249748212,-0.19528350084108295,0.0,466.0849207144257,464.55574274401306,463.8762035376312,465.96094116833024
1.740000000000001,0.3481347481472453,0.4655101885112085,13.905440560959745,0.14311195667928622,6.121147733917622,0.0,0.941375131704173,1.0822757738011892,4.330788594827456,0.1440272257009873,-0.22358298972319518,0.0,466.39108960709274,464.13608401875877,464.0764398458592,465.8953674765945
1.8000000000000012,0.40806877883823833,0.5334387624532515,14.168214796586014,0.15246182612212422,6.1074634492570965,0.0,1.057721379913396,1.1828103046610532,4.427459140120848,0.17260770332082925,-0.23901204470316692,0.0,461.0090067005914,459.7380333509902,459.03588447211723,461.31992629852624
1.8600000000000012,0.4750319574649873,0.6073848477370339,14.43540481770132,0.16240485037696484,6.093593600247928,0.0,1.1756600411796772,1.282919793711935,4.478104801496959,0.14610800164363402,-0.21887433579302337,0.0,446.82174023324274,448.4074072610791,448.7922500567906,446.661404754952
1.9200000000000013,0.5498244717779499,0.6879227112418544,14.708034436811149,0.1710927838099625,6.080364230901374,0.0,1.318693161665368,1.4024233547385696,4.6083787748862015,0.14204643036000067,-0.22392617210138716,0.0,473.97174437260975,473.5384002821714,474.92575301861297,474.632216222326
1.9800000000000013,0.6328531615628222,0.7752809925500249,14.985387426191982,0.17981260700661927,6.066558791687253,0.0,1.4501080692551496,1.5101867470735846,4.635983054373287,0.15119370335696247,-0.2467188768255753,0.0,445.012719766061,443.08926764278067,444.23958136298336,445.00877493535575
2.0400000000000014,0.7243770835642585,0.8695373730647876,15.265851609899753,0.18906585725542158,6.052327342440186,0.0,1.6019933680079097,1.6324098600651964,4.711746498578876,0.1596692582384207,-0.22289632441995416,0.0,460.5959411689723,462.4218566612526,461.2178993435653,461.9083240284851
2.1000000000000014,0.8239770941106642,0.9702451090144216,15.545314454533436,0.19820192264870684,6.038549691687443,0.0,1.7190244236524348,1.7251611771746216,4.603525955183569,0.13030249603597627,-0.24853314898809972,0.0,403.40734902971826,401.02558244087624,402.0110583033235,399.3646904545043
2.1600000000000015,0.9331561290609133,1.0784786991135553,15.827344725662025,0.20609573634326317,6.023647061734215,0.0,1.9217111604692338,1.8831761631836457,4.79566643721399,0.13397092790315338,-0.24806766182040307,0.0,500.07369382557556,500.0533125523893,500.06173028429686,500.3426838253959
2.2200000000000015,1.0540141007600805,1.1957142549898356,16.117733074395243,0.21417445870394491,6.00935387973276,0.0,2.1081415528739456,2.025205379916701,4.882604058638877,0.13595983474172585,-0.22356169374808532,0.0,471.36670642846843,473.2033070467031,471.24583786252435,471.41515925795187
2.2800000000000016,1.185355684513312,1.320866159825613,16.409817192357895,0.2220572156612075,5.996237980966146,0.0,2.270935803752674,2.147032699411621,4.852821226690536,0.12014534160697732,-0.2101803456687958,0.0,435.0675582598053,436.13818892603206,437.8514735181609,436.54958692743344
2.3400000000000016,1.3263078008214098,1.45315680794029,16.698795818055036,0.22892136301676835,5.9833888608072066,0.0,2.428412380792371,2.263074188785853,4.779322687682855,0.09931284702666122,-0.2235739223246037,0.0,423.9108410729388,422.71004197630884,423.1589440207816,421.3736388154241
2.4000000000000017,1.4779508103753929,1.5932527592757662,16.986537506593265,0.2353328309837499,5.969790829948762,0.0,2.627392298450616,2.407077052651837,4.810924177857237,0.1187789526209506,-0.23357422093574973,0.0,460.4929598186937,459.6518137186908,458.90027756667337,460.4525425063315
2.4600000000000017,1.641700001867922,1.7420202222175754,17.275807601114696,0.24226749372777512,5.955321564937558,0.0,2.8319770008010887,2.552170470737454,4.830224998825981,0.10825964200142954,-0.2639738079896278,0.0,460.29798856438964,457.8279200930736,458.2246630480865,457.39896797536267
2.520000000000002,1.8176641348330052,1.899354084543882,17.56518429370828,0.24943273458894932,5.9394798794602295,0.0,3.0346597101367636,2.6925800667080386,4.814562956090086,0.1355287392671694,-0.2641366330204046,0.0,448.92593673073947,448.84323581684157,448.8958567522961,451.11587826145086
2.580000000000002,2.005882222041282,2.0650819271855196,17.853017382362147,0.2576893902029882,5.923870043194707,0.0,3.2403864956719803,2.8320571369551772,4.778789027339757,0.14147605349209513,-0.25322667555801515,0.0,444.9776749221987,445.802002978194,444.67464200157025,445.1791488859079
2.640000000000002,2.205827558995984,2.238690087648618,18.13635318323584,0.2665268110833443,5.908280543987114,0.0,3.425482652279319,2.955296475000185,4.665089498204839,0.1569190134648063,-0.278168362650875,0.0,421.2665958234157,419.0303773093441,418.78188853852686,420.1448568172474
2.700000000000002,2.4171044493167404,2.4197866372250254,18.412758916963423,0.27557175240582055,5.891794027850878,0.0,3.6181643472437113,3.081670611979453,4.547680254584374,0.1340818009671582,-0.268744087782606,0.0,419.87241892788387,420.6082540439059,421.1249965096595,419.16692491389813
2.760000000000002,2.6411867077697924,2.6092176897924313,18.684348383550695,0.2833858249756336,5.875545326894979,0.0,3.8522792051936596,3.232938938143013,4.504019970270879,0.1211571364237461,-0.2752942611053812,0.0,449.1400925940659,448.5350340212503,449.4675906042792,448.4339369521242
2.820000000000002,2.8797067790752333,2.8078841279082813,18.95345880002087,0.2909043673485998,5.859032028582728,0.0,4.099406097409779,3.3894212176215635,4.464925733626589,0.13252769596758476,-0.2750771279498219,0.0,454.2366064782379,454.1792123785125,452.53403826320897,453.4624537438279
2.880000000000002,3.134019052294426,3.0164533799936626,19.22154194703988,0.29890155381314987,5.842924023634403,0.0,4.378598265501098,3.5629964172153983,4.469356749042562,0.134760751710943,-0.25776903415334607,0.0,471.82330915916515,473.0895565562235,471.7094149972518,471.8970821733231
2.940000000000002,3.4036823539571817,3.2344742656675036,19.486347988443466,0.3068039456579186,5.827372321962308,0.0,4.611029504449624,3.7045496097849075,4.35648027730697,0.12477419028098036,-0.2622043789506972,0.0,434.0241542021351,433.58219567830895,435.26866191153357,434.4481823836835
3.000000000000002,3.6889398751971694,3.4619277223222045,19.74702355522858,0.3138628466150335,5.812074752921907,0.0,4.898294653766734,3.8772212259602408,4.330962347553482,0.09697316109370617,-0.24343334701717997,0.0,467.9379327717581,469.3351979430923,469.9478097064944,467.7986524304284
3.0600000000000023,3.990291728230586,3.698953816986959,20.003447213834384,0.3193814349266635,5.797650113785934,0.0,5.1474548498916,4.023599582171667,4.215444794210352,0.0794255251156277,-0.23497329328331576,0.0,439.5903890973599,440.232621619394,440.7651179557023,439.31920457918187
3.1200000000000023,4.308427753064705,3.945754309244919,20.255770655245428,0.3242475420338673,5.78361222759294,0.0,5.457561173191875,4.202776317999975,4.193556842758517,0.08425770927054298,-0.23202411728804606,0.0,476.4164897152459,476.5914927302303,476.9628784288319,477.3366790866958
3.1800000000000024,4.6463296042830216,4.203864226247167,20.50826313374581,0.3289677036347385,5.769173792041771,0.0,5.806152467296431,4.4004435503753,4.2205855187854535,0.06412179786923042,-0.26956713323495124,0.0,499.90302993612437,497.1061842446343,498.3031067631027,496.83270398810697
3.2400000000000024,5.004061610547975,4.473069967915709,20.759980142723958,0.33257587208223427,5.753229603326048,0.0,6.11877352598918,4.572592657894234,4.168155150587306,0.05065813741522741,-0.25901847089310326,0.0,474.79588139482354,475.5384214094722,476.4990938777302,475.4706971837128
3.3000000000000025,5.379423710869782,4.7518207819491085,21.006222963399164,0.33550357701677047,5.738075569435928,0.0,6.393825437703165,4.718699463434233,4.038734458572398,0.04478262299910558,-0.24208012912113014,0.0,449.9414001587509,451.24765320317084,452.26129566200166,451.7890802762195
3.3600000000000025,5.770457368556681,5.038752643464128,21.24302215045924,0.33864191783367126,5.7241359988808185,0.0,6.641138515000126,4.845409649305947,3.8538310641918967,0.06420385905519868,-0.21777390865143093,0.0,430.6788196422517,432.6742406697455,432.4413666719193,434.07657860429316
3.4200000000000026,6.179328180225663,5.334772152263052,21.472935713268306,0.3424718894759824,5.711795717099331,0.0,6.987856434234291,5.021343668700402,3.808032674243359,0.06308070371616982,-0.18859535784277826,0.0,486.4671890346234,488.60948237058494,488.0612775493414,487.9799898386893
3.4800000000000026,6.607917120337908,5.640680143469114,21.698170017863788,0.3463406193483012,5.700974509458803,0.0,7.298391333342598,5.175168121286823,3.6984271209021276,0.06713670234700371,-0.16757362742566168,0.0,467.96544541931814,469.5694753820048,468.36136027065356,468.6796189872477
3.5400000000000027,7.056554763730126,5.95647340174053,21.918603435445835,0.3506181730399449,5.690577573975549,0.0,7.655793405572403,5.350713031850976,3.6474739575082906,0.07852035028631987,-0.18823791016997712,0.0,494.7565041123103,493.20625263164254,493.3730863012202,494.21642042901453
3.6000000000000028,7.525212024530582,6.2820011919777325,22.133724609618024,0.35578449036584203,5.679497877542794,0.0,7.965961876509199,5.499822383357823,3.521828284156696,0.09807877883610334,-0.17833627259040663,0.0,470.12076694171367,470.85656061645204,470.05683187703886,471.57610572172774
3.660000000000003,8.010271520349963,6.615307105420961,22.338088992413503,0.361566594409231,5.669770133960618,0.0,8.202816163700989,5.610286083135266,3.289863195408684,0.09271021007958183,-0.1412256632370669,0.0,428.62266898455135,431.73898464685914,432.45442018273013,432.00998978830404
3.720000000000003,8.509232642670938,6.955059744812259,22.52802123091953,0.367037286964476,5.661058340918094,0.0,8.42930507242657,5.714746067244532,3.0409871231357037,0.08792575170614769,-0.1546233457569145,0.0,426.12525420172767,424.9570119834275,424.7559722480392,424.35268488497
3.780000000000003,9.022579697499502,7.301454372636505,22.703982568662454,0.37217388145738983,5.651615474540517,0.0,8.682195738016414,5.831542168898081,2.823815774980798,0.08052511239422679,-0.16355335222772624,0.0,440.33362881442633,439.5701306031767,439.2671438837217,438.6588694044694
3.840000000000003,9.551882384199791,7.655207487721439,22.867805992597614,0.3768912462484906,5.641533682868435,0.0,8.961001497764753,5.959877304454261,2.6360652252742534,0.07451991990745903,-0.17894177908155812,0.0,454.40023350862134,453.137809097698,453.51305201342876,453.03505250156707
3.900000000000003,10.096667004497785,8.015994780698545,23.018692104584414,0.381142862732621,5.631676004244639,0.0,9.198483689828757,6.066114597043254,2.393052793945549,0.06230121482267241,-0.14476571703817206,0.0,430.54476301064517,433.4001120596974,433.37621137857803,432.3514792001861
3.960000000000003,10.655731430509215,8.383124740637777,23.15497131717495,0.38430668114509725,5.62282500844147,0.0,9.436896902191997,6.171280918395194,2.149286280040295,0.014779166046323518,-0.1536721098782524,0.0,434.2996723461485,433.53061744242535,434.31415177431865,430.30973523528104
4.020000000000002,11.230695106118516,8.757274355164196,23.27848893666183,0.3855852896170804,5.614017787425308,0.0,9.728128706133433,6.299736485131249,1.9671814945631545,0.03192209960595591,-0.1357177718653298,0.0,460.01463884097154,461.41514596841745,459.67532308523056,461.03233028316015
4.080000000000001,11.824683408803057,9.139788759907269,23.39284580638248,0.38715741379922086,5.605656742985564,0.0,10.070608642103176,6.44994515864701,1.843388300030105,0.011177582889622754,-0.14782996380328123,0.0,486.6577463399225,485.73362647158217,487.83599579899123,486.2840217229006
4.14,12.435531884162701,9.52950246985555,23.495478676542458,0.38802557459166387,5.596801833655958,0.0,10.290956654497393,6.5401317697842325,1.577698734359586,0.020351343200252406,-0.14709069688099122,0.0,429.5419856551427,429.58345862994946,429.1918703346186,429.9700296907319
4.199999999999998,13.060179720754155,9.924823949116213,23.582833159159023,0.3892754477620617,5.587716463279039,0.0,10.530413776021337,6.636795734149368,1.3338675554406825,0.02177401751977622,-0.16190303198595637,0.0,440.96097370931335,439.71304933138987,438.7868572536961,438.9049931368698
4.259999999999997,13.699310135442882,10.325924046588447,23.655681031306216,0.3903342634739575,5.5787668424981405,0.0,10.7736553140623,6.732711603545234,1.0940738507993277,0.007755689778615275,-0.13143594397445776,0.0,440.92627665616266,443.41544246295143,442.8950693993995,441.74001779381086
4.319999999999996,14.356951320265566,10.734456014624781,23.718406031098436,0.39086325987069337,5.570423418541846,0.0,11.146427267075158,6.8839741598211655,0.9952055462399524,0.010858273671853488,-0.16212306179114394,0.0,504.685461403643,502.4486245879868,502.0787153089185,502.30371824331667
4.379999999999995,15.031888730866603,11.14973300471564,23.769742425951225,0.3917901736681282,5.560936516066693,0.0,11.351408850506155,6.958198772807877,0.716051484628536,0.023332145624913547,-0.15111796701055508,0.0,429.0372770849456,429.9463380804025,428.3587904190735,429.41866898162056
4.439999999999993,15.718972846788688,11.5693301411823,23.804201301720603,0.3939327725036863,5.551499137442688,0.0,11.551282093482277,7.028040433129863,0.4326430185314494,0.0530847604227455,-0.1739613139254164,0.0,428.41432476017826,426.44153173369654,425.3449185533733,427.88717319571634
4.499999999999992,16.42019228736683,11.9939752640084,23.823875216416894,0.39709084689451846,5.541202231536765,0.0,11.822043195180973,7.126184535849274,0.22228827103304744,0.051718994605965796,-0.1672989414321635,0.0,460.6493037015949,461.1489374774044,461.36412081653884,461.2579167476468
4.559999999999991,17.135855752676388,12.42368465191955,23.829088419173875,0.4005153305836453,5.531480280638547,0.0,12.033114994716973,7.197084642025276,-0.04872406818726713,0.06606676914259607,-0.15317486681320913,0.0,434.81458727471227,435.97106330065054,434.89442351633846,436.09738963420887
4.6199999999999894,17.865007386762617,12.857945102416142,23.818872432931656,0.40469990244439913,5.522611482544374,0.0,12.271358182782873,7.277829822700174,-0.2922809797808916,0.07623062889561882,-0.13881929349110264,0.0,448.87844383025566,450.0220755106497,448.45311917567676,449.28195263358526
4.679999999999988,18.610118623659204,13.29770534281018,23.795674615025675,0.4089429715015225,5.515391146597803,0.0,12.564566129922884,7.380261362353297,-0.4819173632687145,0.056432812472805745,-0.09757912020255866,0.0,473.6991461963339,476.84814245575507,476.16432450147835,474.65005237571285
4.739999999999987,19.3704373113845,13.74260942985269,23.758890135812464,0.41198875821702785,5.5095403353913,0.0,12.778836846862271,7.449580898912711,-0.744171865970294,0.03592304993452432,-0.09738274296249691,0.0,443.75428413619204,443.76226022777576,444.69040901137845,443.0078893972213
4.799999999999986,20.141201151485365,14.190668002414755,23.704235600426856,0.41393128003859214,5.5037935191765595,0.0,12.913388058304152,7.485659978212043,-1.0767748089052196,0.024120747559893577,-0.09275607073062953,0.0,407.24224081953247,407.6473777363047,408.45270702759865,407.39867520828824
4.859999999999984,20.92178427819102,14.641583333635351,23.631401991240097,0.41506412477352317,5.498495905596389,0.0,13.105627704887459,7.5445596980669976,-1.3506429466067413,0.005517590985273964,-0.08060466557294482,0.0,434.42291478965274,435.4344191493074,435.78520040073005,434.22655916231514
4.919999999999983,21.714363863320816,15.096193966755422,23.542721229792537,0.415663208754224,5.493701947379126,0.0,13.313103700588098,7.608760086360014,-1.6050760891671831,0.017685311747399318,-0.07852546262361657,0.0,443.04806613638607,443.2139240489002,442.81161966044914,443.811831199376
4.979999999999982,22.519203992723494,15.55455805861024,23.438774273015348,0.4175251592354705,5.48880451149399,0.0,13.514297944616041,7.669724036235504,-1.859542190381053,0.0493618651970633,-0.08867500821189297,0.0,443.42192889074227,442.58147040482305,440.1458641446527,442.7613092297913
5.0399999999999805,23.336178809506144,16.01659247475153,23.31977388787227,0.42042657199344635,5.483540476572621,0.0,13.717510130041298,7.731106426577085,-2.1070306910114542,0.04626782668020851,-0.08591641125856463,0.0,445.137277795075,445.3567127023624,444.87932381321434,444.62720680431687
